// ont_time_sqrt_Jacobi_evd.cpp : 此文件包含 "main" 函数。程序执行将在此处开始并结束。
//

#include <iostream>


#define NA 80

#define N80 0

using namespace std;

int jcbi_xushiliang(double* a, int n, double* v, double eps, int jt);
int main_Jacobi_xushiliang_double();

int jcbi_Golub(double* A, int n, int lda, double* V, int ldv, double eps, int jt);
int main_Jacobi_Golub_double();
/////////////////////////////////////////////////////////////////////////////////////////
template<typename T>
void swapf(T& x, T& y)
{
    T tmp;

    tmp = x;
    x = y;
    y = tmp;
}

template<typename T>
void swapi(T& x, T& y)
{
    T tmp;

    tmp = x;
    x = y;
    y = tmp;
}

template<typename T>
void sort(T* A, int n, unsigned* col_id) {
    int  arrayLength = n;
    bool oddSorted = false;//if false, then, 奇數次，依然有的排
    bool evenSorted = false;//if false, then, 偶數次，依然有的排

    for (unsigned idx = 0; idx < n; idx++) {
        col_id[idx] = idx;
    }

    while (!oddSorted || !evenSorted) {
        int base = 0;
        oddSorted = true;
        evenSorted = true;

        for (int i = base; i < arrayLength - 1; i += 2) {
            if (A[i] > A[i + 1]) {
                swapf(A[i], A[i + 1]);
                swapi(col_id[i], col_id[i + 1]);
                oddSorted = false;
            }
        }

        base = 1;
        for (int i = base; i < arrayLength - 1; i += 2) {
            if (A[i] > A[i + 1]) {
                swapf(A[i], A[i + 1]);
                swapi(col_id[i], col_id[i + 1]);
                evenSorted = false;
            }
        }
    }
}
int main()
{
    main_Jacobi_xushiliang_double();
    cout << "Hello World!\n\n\n";
    main_Jacobi_Golub_double();
}

int jcbi_xushiliang(double* a, int n, double* v, double eps, int jt)
{
    int i, j, p, q, u, w, t, s, l;
    double fm, cn, sn, omega, x, y, d;
    l = 1;
    for (i = 0; i <= n - 1; i++)
    {
        v[i * n + i] = 1.0;
        for (j = 0; j <= n - 1; j++)
            if (i != j) v[i * n + j] = 0.0;
    }
    while (1 == 1)
    {
        fm = 0.0;
        for (i = 1; i <= n - 1; i++)
            for (j = 0; j <= i - 1; j++)
            {
                d = fabs(a[i * n + j]);
                if ((i != j) && (d > fm))
                {
                    fm = d; p = i; q = j;
                }
            }
        if (fm < eps)  return(1);
        if (l > jt)  return(-1);
        l = l + 1;
        u = p * n + q; w = p * n + p; t = q * n + p; s = q * n + q;
        x = -a[u]; y = (a[s] - a[w]) / 2.0;
        omega = x / sqrt(x * x + y * y);
        if (y < 0.0) omega = -omega;
        sn = 1.0 + sqrt(1.0 - omega * omega);
        sn = omega / sqrt(2.0 * sn);
        cn = sqrt(1.0 - sn * sn);
        fm = a[w];
        a[w] = fm * cn * cn + a[s] * sn * sn + a[u] * omega;
        a[s] = fm * sn * sn + a[s] * cn * cn - a[u] * omega;
        a[u] = 0.0; a[t] = 0.0;
        for (j = 0; j <= n - 1; j++)
            if ((j != p) && (j != q))
            {
                u = p * n + j; w = q * n + j;
                fm = a[u];
                a[u] = fm * cn + a[w] * sn;
                a[w] = -fm * sn + a[w] * cn;
            }
        for (i = 0; i <= n - 1; i++)
            if ((i != p) && (i != q))
            {
                u = i * n + p; w = i * n + q;
                fm = a[u];
                a[u] = fm * cn + a[w] * sn;
                a[w] = -fm * sn + a[w] * cn;
            }
        for (i = 0; i <= n - 1; i++)
        {
            u = i * n + p; w = i * n + q;
            fm = v[u];
            v[u] = fm * cn + v[w] * sn;
            v[w] = -fm * sn + v[w] * cn;
        }
    }
    return(1);
}

int main_Jacobi_xushiliang_double()
{
        int n = NA;
        int i, j;
        double eps;
        double v[NA * NA];
        int lda = n;
        int ldv = n;
        //static float a[NA*NA] = { 2.0f,-1.0f,0.0f,    -1.0f,2.0f,-1.0f,    0.0f,-1.0f,2.0f };
#if N80
        double a[3 * 3] = {
                           0.72403, 0.61279, 0.54654,
                           0.61279, 1.72982, 0.67538,
                           0.54654, 0.67538, 0.53565
        };
#else
        double a[80 * 80] = {
    3686522159104.000,  3670476849152.000,  3620277846016.000,  3534884175872.000,  3418048954368.000,  3278106001408.000,  3124138082304.000,  2967104126976.000,  2816762445824.000,  2680696340480.000,  2565027135488.000,  2472976842752.000,  2405135810560.000,  2360578408448.000,  2337939914752.000,  2335552307200.000,  2351949938688.000,  2383134851072.000,  2424678645760.000,  2469907922944.000,  2512470409216.000,  2545332781056.000,  2562925789184.000,  2561197473792.000,  2540116901888.000,  2500613636096.000,  2446265155584.000,  2380907151360.000,  2308154064896.000,  2230750806016.000,  2151692238848.000,  2072772870144.000,  1995888918528.000,  1923409379328.000,  1855803228160.000,  1794051145728.000,  1738750164992.000,  1690232291328.000,  1648572366848.000,  1613794770944.000,   0.000,  -228742266880.000,  -459511595008.000,  -682323738624.000,  -886447013888.000,  -1063467220992.000,  -1206713188352.000,  -1312211992576.000,  -1381561663488.000,  -1418516496384.000,  -1428542586880.000,  -1417251782656.000,  -1390434058240.000,  -1352022491136.000,  -1304115544064.000,  -1248290406400.000,  -1184023052288.000,  -1111249518592.000,  -1028947640320.000,  -938811719680.000,  -841916481536.000,  -741780291584.000,  -644120838144.000,  -555711463424.000,  -480776454144.000,  -423444185088.000,  -382680236032.000,  -356262379520.000,  -340977811456.000,  -334378663936.000,  -334186348544.000,  -338543181824.000,  -343375806464.000,  -346963116032.000,  -347986132992.000,  -346699071488.000,  -343414964224.000,  -338663669760.000,  -332849152000.000,  -327038042112.000,
    3670476849152.000,  3687100710912.000,  3669863432192.000,  3616161660928.000,  3528116928512.000,  3412800569344.000,  3278409039872.000,  3135483412480.000,  2994180980736.000,  2862816690176.000,  2748544974848.000,  2655558565888.000,  2585418006528.000,  2537895755776.000,  2512081649664.000,  2506655268864.000,  2520212045824.000,  2548612202496.000,  2587092058112.000,  2628696670208.000,  2666762076160.000,  2694104219648.000,  2705395286016.000,  2697055436800.000,  2669514326016.000,  2624339836928.000,  2565326503936.000,  2496368738304.000,  2420908752896.000,  2341510840320.000,  2260939046912.000,  2180787470336.000,  2102653616128.000,  2028758368256.000,  1959458766848.000,  1895735885824.000,  1838268940288.000,  1787531362304.000,  1743709536256.000,  1707052498944.000,  228742266880.000,   0.000,  -236536119296.000,  -470933766144.000,  -691917619200.000,  -889829130240.000,  -1056511885312.000,  -1186206580736.000,  -1278902272000.000,  -1337154338816.000,  -1365446098944.000,  -1368909283328.000,  -1353251553280.000,  -1322527358976.000,  -1278978162688.000,  -1224309473280.000,  -1158049038336.000,  -1080482725888.000,  -990950260736.000,  -891842199552.000,  -785003905024.000,  -674986786816.000,  -568506449920.000,  -473401491456.000,  -394395811840.000,  -335991242752.000,  -296967176192.000,  -274725863424.000,  -265568092160.000,  -266672062464.000,  -275348226048.000,  -289483194368.000,  -304588980224.000,  -318433755136.000,  -329384460288.000,  -337424220160.000,  -342635479040.000,  -345411649536.000,  -346000818176.000,  -345421676544.000,
    3620277846016.000,  3669863432192.000,  3687105953792.000,  3667761299456.000,  3612188082176.000,  3525924880384.000,  3415963336704.000,  3292051537920.000,  3164426731520.000,  3041913995264.000,  2932532314112.000,  2841372786688.000,  2770974277632.000,  2721849540608.000,  2693575737344.000,  2685209149440.000,  2695413891072.000,  2719953715200.000,  2753767145472.000,  2789719408640.000,  2820953604096.000,  2840317394944.000,  2842925989888.000,  2825913892864.000,  2790309756928.000,  2738444828672.000,  2674336464896.000,  2601896378368.000,  2524313288704.000,  2443912937472.000,  2363151089664.000,  2283375427584.000,  2205784473600.000,  2132340637696.000,  2063198453760.000,  1999274115072.000,  1941265448960.000,  1889752449024.000,  1844987297792.000,  1807437266944.000,  459511595008.000,  236536119296.000,   0.000,  -240565288960.000,  -473644531712.000,  -688566239232.000,  -875836276736.000,  -1027941793792.000,  -1143136190464.000,  -1222590726144.000,  -1269568765952.000,  -1288500674560.000,  -1284810604544.000,  -1262531248128.000,  -1223956234240.000,  -1170846908416.000,  -1102765621248.000,  -1020391456768.000,  -923509194752.000,  -815312404480.000,  -698527514624.000,  -578833416192.000,  -463962767360.000,  -362787045376.000,  -280466227200.000,  -221754327040.000,  -185179471872.000,  -167727546368.000,  -165211586560.000,  -174453489664.000,  -192384319488.000,  -216669028352.000,  -242450006016.000,  -267005476864.000,  -288405487616.000,  -306358124544.000,  -320696877056.000,  -331642798080.000,  -339260276736.000,  -344468455424.000,
    3534884175872.000,  3616161660928.000,  3667761299456.000,  3683942137856.000,  3663191605248.000,  3609313148928.000,  3527833026560.000,  3427347726336.000,  3317818458112.000,  3208306229248.000,  3107457859584.000,  3021129121792.000,  2952788967424.000,  2903688609792.000,  2873902759936.000,  2862869118976.000,  2869321531392.000,  2888982331392.000,  2916552802304.000,  2944844431360.000,  2966958899200.000,  2975982157824.000,  2967671930880.000,  2940111945728.000,  2895056207872.000,  2835691864064.000,  2766248607744.000,  2690601975808.000,  2611603832832.000,  2531288678400.000,  2451742130176.000,  2374026657792.000,  2298859225088.000,  2227833929728.000,  2160826384384.000,  2098615156736.000,  2041855606784.000,  1991185268736.000,  1946874413056.000,  1909575778304.000,  682323738624.000,  470933766144.000,  240565288960.000,   0.000,  -239392505856.000,  -466209800192.000,  -669852434432.000,  -841201483776.000,  -976744218624.000,  -1076141490176.000,  -1141247442944.000,  -1175592894464.000,  -1184112705536.000,  -1170658689024.000,  -1137476239360.000,  -1086300160000.000,  -1016705712128.000,  -929789575168.000,  -825857146880.000,  -708979326976.000,  -582841466880.000,  -454302466048.000,  -332081496064.000,  -225981513728.000,  -141506002944.000,  -83508961280.000,  -50200158208.000,  -38115041280.000,  -42602115072.000,  -60153397248.000,  -87371948032.000,  -121747120128.000,  -158123360256.000,  -193336213504.000,  -225203159040.000,  -253172367360.000,  -276822654976.000,  -296182448128.000,  -311116857344.000,  -322394882048.000,
    3418048954368.000,  3528116928512.000,  3612188082176.000,  3663191605248.000,  3677875863552.000,  3658139828224.000,  3607853793280.000,  3534172717056.000,  3446428663808.000,  3353613172736.000,  3264715161600.000,  3186165809152.000,  3122250383360.000,  3074913992704.000,  3044705566720.000,  3031426138112.000,  3033868795904.000,  3047774486528.000,  3067682226176.000,  3086492631040.000,  3097429540864.000,  3094035824640.000,  3072903872512.000,  3033264291840.000,  2977695793152.000,  2910291230720.000,  2835465109504.000,  2756993613824.000,  2677324120064.000,  2598150602752.000,  2521142919168.000,  2447058665472.000,  2376074264576.000,  2309327159296.000,  2246347063296.000,  2187718033408.000,  2133981790208.000,  2085785174016.000,  2043365163008.000,  2007515529216.000,  886447013888.000,  691917619200.000,  473644531712.000,  239392505856.000,   0.000,  -232778055680.000,  -447519850496.000,  -633742622720.000,  -786245550080.000,  -903144210432.000,  -984767463424.000,  -1033586933760.000,  -1053864886272.000,  -1049118900224.000,  -1021438263296.000,  -972451217408.000,  -901717164032.000,  -810764206080.000,  -700470657024.000,  -575825575936.000,  -441510035456.000,  -305554161664.000,  -177584783360.000,  -68178509824.000,  16951969792.000,  73021513728.000,  102206078976.000,  108436512768.000,  96789995520.000,  71061200896.000,  34915086336.000,  -9014761472.000,  -55369314304.000,  -100622974976.000,  -142393966592.000,  -179913752576.000,  -212523417600.000,  -240046243840.000,  -262152880128.000,  -279425318912.000,
    3278106001408.000,  3412800569344.000,  3525924880384.000,  3609313148928.000,  3658139828224.000,  3672464687104.000,  3654357090304.000,  3609325993984.000,  3545787793408.000,  3472376725504.000,  3398127321088.000,  3329827012608.000,  3272424554496.000,  3228470345728.000,  3198939824128.000,  3183954100224.000,  3182348730368.000,  3189940158464.000,  3201187446784.000,  3209213509632.000,  3207517437952.000,  3190291431424.000,  3155109347328.000,  3102487085056.000,  3035878916096.000,  2960286023680.000,  2880269713408.000,  2799447834624.000,  2719815565312.000,  2642699878400.000,  2569329967104.000,  2500151214080.000,  2434779054080.000,  2373835816960.000,  2316456951808.000,  2262986653696.000,  2213799264256.000,  2169497976832.000,  2130239029248.000,  2096911089664.000,  1063467220992.000,  889829130240.000,  688566239232.000,  466209800192.000,  232778055680.000,   0.000,  -220233367552.000,  -416364920832.000,  -581669289984.000,  -712779366400.000,  -808471429120.000,  -870067208192.000,  -901015011328.000,  -904371961856.000,  -881978441728.000,  -835277946880.000,  -763787739136.000,  -669461184512.000,  -553770024960.000,  -422618234880.000,  -281669632000.000,  -140063686656.000,  -8211278848.000,  102727770112.000,  186967228416.000,  239958179840.000,  264308424704.000,  264415232000.000,  245723086848.000,  212266926080.000,  167908802560.000,  115355598848.000,  60071415808.000,  5848402432.000,  -44805156864.000,  -90952638464.000,  -131726901248.000,  -166754926592.000,  -195522134016.000,  -218402521088.000,
    3124138082304.000,  3278409039872.000,  3415963336704.000,  3527833026560.000,  3607853793280.000,  3654357090304.000,  3667687636992.000,  3651555033088.000,  3613240066048.000,  3560781905920.000,  3502980988928.000,  3446753198080.000,  3397527535616.000,  3358344871936.000,  3330534014976.000,  3314476646400.000,  3309026148352.000,  3310121648128.000,  3312215916544.000,  3308773441536.000,  3293698326528.000,  3261975232512.000,  3212253593600.000,  3146401710080.000,  3068758851584.000,  2985192325120.000,  2900366983168.000,  2817701969920.000,  2738708545536.000,  2664347205632.000,  2595401760768.000,  2532023730176.000,  2473269657600.000,  2419222118400.000,  2368603947008.000,  2321488281600.000,  2278038175744.000,  2238770053120.000,  2203711176704.000,  2173797924864.000,  1206713188352.000,  1056511885312.000,  875836276736.000,  669852434432.000,  447519850496.000,  220233367552.000,   0.000,  -200911863808.000,  -374478143488.000,  -515978067968.000,  -622700396544.000,  -694799106048.000,  -734821023744.000,  -745263005696.000,  -727646666752.000,  -683167776768.000,  -611278389248.000,  -514322202624.000,  -394358652928.000,  -258156560384.000,  -112307535872.000,  33049348096.000,  166868189184.000,  277612724224.000,  359551860736.000,  408516853760.000,  427572199424.000,  421561335808.000,  396230426624.000,  355806642176.000,  304276406272.000,  244371587072.000,  181566406656.000,  119819657216.000,  61691944960.000,  8228740608.000,  -39537295360.000,  -81056079872.000,  -115649134592.000,  -143475638272.000,
    2967104126976.000,  3135483412480.000,  3292051537920.000,  3427347726336.000,  3534172717056.000,  3609325993984.000,  3651555033088.000,  3662853701632.000,  3649189707776.000,  3617833091072.000,  3577125273600.000,  3533904281600.000,  3493885378560.000,  3460464377856.000,  3435237736448.000,  3418775879680.000,  3409926684672.000,  3404783681536.000,  3397854691328.000,  3383024156672.000,  3354694516736.000,  3308728877056.000,  3244872171520.000,  3166325702656.000,  3078274678784.000,  2987365498880.000,  2898325667840.000,  2814344429568.000,  2736460660736.000,  2665269690368.000,  2601142190080.000,  2543964127232.000,  2492275621888.000,  2445628145664.000,  2402337423360.000,  2362204487680.000,  2325155151872.000,  2291587350528.000,  2261373419520.000,  2235447115776.000,  1312211992576.000,  1186206580736.000,  1027941793792.000,  841201483776.000,  633742622720.000,  416364920832.000,  200911863808.000,   0.000,  -177356636160.000,  -325270044672.000,  -439686692864.000,  -519648804864.000,  -566785540096.000,  -582979092480.000,  -569384763392.000,  -526913437696.000,  -454933086208.000,  -356124000256.000,  -233094856704.000,  -93386448896.000,  55582089216.000,  202824925184.000,  336820436992.000,  445855498240.000,  524366512128.000,  568664588288.000,  582271238144.000,  570435108864.000,  539134787584.000,  492736708608.000,  435286245376.000,  369503043584.000,  300792053760.000,  233181986816.000,  169218998272.000,  110001119232.000,  56677367808.000,  9945822208.000,  -29386940416.000,  -61269983232.000,
    2816762445824.000,  2994180980736.000,  3164426731520.000,  3317818458112.000,  3446428663808.000,  3545787793408.000,  3613240066048.000,  3649189707776.000,  3658330406912.000,  3647012339712.000,  3622968492032.000,  3592807776256.000,  3562361061376.000,  3535242788864.000,  3513231605760.000,  3497017999360.000,  3485420486656.000,  3474699845632.000,  3459461152768.000,  3434040262656.000,  3393372815360.000,  3334214778880.000,  3257360449536.000,  3167253954560.000,  3069850681344.000,  2972472573952.000,  2879879118848.000,  2795027562496.000,  2718513233920.000,  2650606141440.000,  2591303663616.000,  2540267110400.000,  2495580733440.000,  2456302649344.000,  2420368474112.000,  2387316047872.000,  2356830011392.000,  2329168052224.000,  2304032374784.000,  2282323443712.000,  1381561663488.000,  1278902272000.000,  1143136190464.000,  976744218624.000,  786245550080.000,  581669289984.000,  374478143488.000,  177356636160.000,   0.000,  -150782902272.000,  -269779402752.000,  -355028729856.000,  -407285170176.000,  -427810291712.000,  -417371914240.000,  -376576671744.000,  -304697933824.000,  -204680364032.000,  -79622225920.000,  62279249920.000,  212907524096.000,  360590934016.000,  493477855232.000,  599835672576.000,  674333655040.000,  713811165184.000,  722215960576.000,  705150124032.000,  668760932352.000,  617508110336.000,  555443027968.000,  485249941504.000,  412209020928.000,  340344406016.000,  272136568832.000,  208692101120.000,  151231201280.000,  100569931776.000,  57611681792.000,  22598418432.000,
    2680696340480.000,  2862816690176.000,  3041913995264.000,  3208306229248.000,  3353613172736.000,  3472376725504.000,  3560781905920.000,  3617833091072.000,  3647012339712.000,  3653789286400.000,  3645151641600.000,  3627380113408.000,  3606291152896.000,  3585603796992.000,  3567201026048.000,  3551826018304.000,  3538248794112.000,  3522892398592.000,  3500478824448.000,  3465787473920.000,  3414273818624.000,  3343539503104.000,  3255327522816.000,  3155186941952.000,  3049749479424.000,  2946900164608.000,  2851413426176.000,  2766033387520.000,  2690963996672.000,  2626191360000.000,  2571404574720.000,  2526079614976.000,  2487916953600.000,  2455535878144.000,  2426536722432.000,  2400213532672.000,  2376019214336.000,  2354067800064.000,  2333889265664.000,  2316320636928.000,  1418516496384.000,  1337154338816.000,  1222590726144.000,  1076141490176.000,  903144210432.000,  712779366400.000,  515978067968.000,  325270044672.000,  150782902272.000,   0.000,  -120940347392.000,  -209202446336.000,  -264744943616.000,  -288245907456.000,  -280089853952.000,  -240576413696.000,  -168873115648.000,  -68121448448.000,  58173333504.000,  201282256896.000,  352521486336.000,  499689422848.000,  630723903488.000,  733980721152.000,  804386570240.000,  839305986048.000,  843064279040.000,  821557395456.000,  781044416512.000,  726048899072.000,  660593180672.000,  587312267264.000,  511330746368.000,  436616265728.000,  365558104064.000,  299237572608.000,  238910308352.000,  185480708096.000,  139919491072.000,  102637944832.000,
    2565027135488.000,  2748544974848.000,  2932532314112.000,  3107457859584.000,  3264715161600.000,  3398127321088.000,  3502980988928.000,  3577125273600.000,  3622968492032.000,  3645151641600.000,  3649972207616.000,  3643282817024.000,  3630799781888.000,  3616273858560.000,  3601623416832.000,  3587597664256.000,  3572906328064.000,  3554107195392.000,  3526033932288.000,  3483855224832.000,  3423486345216.000,  3343259533312.000,  3245727547392.000,  3137363509248.000,  3025366941696.000,  2918084247552.000,  2820305584128.000,  2734601273344.000,  2660855709696.000,  2598831390720.000,  2547967852544.000,  2507607638016.000,  2475145297920.000,  2448828923904.000,  2425966559232.000,  2405642010624.000,  2387101876224.000,  2370316009472.000,  2354658148352.000,  2340884840448.000,  1428542586880.000,  1365446098944.000,  1269568765952.000,  1141247442944.000,  984767463424.000,  808471429120.000,  622700396544.000,  439686692864.000,  269779402752.000,  120940347392.000,   0.000,  -89502908416.000,  -146832293888.000,  -172143050752.000,  -165469995008.000,  -126821113856.000,  -55248658432.000,  45980446720.000,  173045694464.000,  316814360576.000,  468159692800.000,  614487621632.000,  743599177728.000,  843983683584.000,  910810218496.000,  941910130688.000,  941918650368.000,  916963328000.000,  873375793152.000,  815717154816.000,  747970428928.000,  672718716928.000,  594929385472.000,  518484754432.000,  445682352128.000,  377561284608.000,  315388755968.000,  260135452672.000,  212818575360.000,  173990461440.000,
    2472976842752.000,  2655558565888.000,  2841372786688.000,  3021129121792.000,  3186165809152.000,  3329827012608.000,  3446753198080.000,  3533904281600.000,  3592807776256.000,  3627380113408.000,  3643282817024.000,  3646006231040.000,  3641063505920.000,  3632189407232.000,  3621309382656.000,  3609138036736.000,  3594321657856.000,  3573523677184.000,  3541650112512.000,  3494170853376.000,  3427351134208.000,  3340100435968.000,  3235589652480.000,  3121019092992.000,  3004045983744.000,  2893384777728.000,  2793870458880.000,  2707957481472.000,  2635298242560.000,  2575496380416.000,  2527813959680.000,  2491500724224.000,  2463722897408.000,  2442426056704.000,  2424679956480.000,  2409386213376.000,  2395617099776.000,  2383214542848.000,  2371410984960.000,  2360886165504.000,  1417251782656.000,  1368909283328.000,  1288500674560.000,  1175592894464.000,  1033586933760.000,  870067208192.000,  694799106048.000,  519648804864.000,  355028729856.000,  209202446336.000,  89502908416.000,   0.000,  -58016804864.000,  -84244316160.000,  -78402486272.000,  -40238133248.000,  31325474816.000,  132969578496.000,  260660772864.000,  404983644160.000,  556491997184.000,  702301536256.000,  830115086336.000,  928533577728.000,  992898121728.000,  1021402415104.000,  1018905362432.000,  991699140608.000,  946163548160.000,  886884859904.000,  817799299072.000,  741451497472.000,  662675193856.000,  585272000512.000,  511469256704.000,  442265042944.000,  378935967744.000,  322502623232.000,  274024054784.000,  234166468608.000,
    2405135810560.000,  2585418006528.000,  2770974277632.000,  2952788967424.000,  3122250383360.000,  3272424554496.000,  3397527535616.000,  3493885378560.000,  3562361061376.000,  3606291152896.000,  3630799781888.000,  3641063505920.000,  3642439761920.000,  3638569467904.000,  3631372304384.000,  3621521195008.000,  3607600037888.000,  3586336751616.000,  3552666714112.000,  3502240169984.000,  3431538622464.000,  3339861360640.000,  3230799495168.000,  3112070283264.000,  2991683796992.000,  2878655168512.000,  2777898024960.000,  2691829334016.000,  2619956789248.000,  2561795948544.000,  2516497465344.000,  2483263635456.000,  2459094745088.000,  2441703063552.000,  2427962785792.000,  2416626630656.000,  2406626885632.000,  2397696163840.000,  2388951302144.000,  2381004406784.000,  1390434058240.000,  1353251553280.000,  1284810604544.000,  1184112705536.000,  1053864886272.000,  901015011328.000,  734821023744.000,  566785540096.000,  407285170176.000,  264744943616.000,  146832293888.000,  58016804864.000,   0.000,  -26552111104.000,  -21079672832.000,  16907334656.000,  88624234496.000,  190776049664.000,  319212158976.000,  464346415104.000,  616519761920.000,  762633781248.000,  890291552256.000,  988134178816.000,  1051570995200.000,  1079017209856.000,  1075459063808.000,  1047295688704.000,  1000928051200.000,  940971917312.000,  871322157056.000,  794497515520.000,  715243978752.000,  637308239872.000,  562890211328.000,  492967493632.000,  428835340288.000,  371563429888.000,  322254602240.000,  281668780032.000,
    2360578408448.000,  2537895755776.000,  2721849540608.000,  2903688609792.000,  3074913992704.000,  3228470345728.000,  3358344871936.000,  3460464377856.000,  3535242788864.000,  3585603796992.000,  3616273858560.000,  3632189407232.000,  3638569467904.000,  3639014588416.000,  3635385466880.000,  3628324356096.000,  3616369803264.000,  3596267814912.000,  3562928078848.000,  3512051695616.000,  3440181510144.000,  3346794545152.000,  3235689267200.000,  3114894884864.000,  2992671293440.000,  2878281875456.000,  2776764776448.000,  2690585198592.000,  2619202600960.000,  2562111569920.000,  2518417408000.000,  2487314546688.000,  2465695531008.000,  2451103285248.000,  2440253669376.000,  2431778553856.000,  2424507727872.000,  2418084675584.000,  2411542609920.000,  2405441208320.000,  1352022491136.000,  1322527358976.000,  1262531248128.000,  1170658689024.000,  1049118900224.000,  904371961856.000,  745263005696.000,  582979092480.000,  427810291712.000,  288245907456.000,  172143050752.000,  84244316160.000,  26552111104.000,   0.000,  5374969856.000,  43388788736.000,  115411345408.000,  218238091264.000,  347707506688.000,  494165950464.000,  647831945216.000,  795452899328.000,  924494987264.000,  1023535153152.000,  1087914770432.000,  1116105211904.000,  1113113493504.000,  1085380034560.000,  1039319302144.000,  979570589696.000,  910008057856.000,  833138720768.000,  753675862016.000,  675358113792.000,  600416911360.000,  529840734208.000,  464969007104.000,  406927867904.000,  356880089088.000,  315664957440.000,
    2337939914752.000,  2512081649664.000,  2693575737344.000,  2873902759936.000,  3044705566720.000,  3198939824128.000,  3330534014976.000,  3435237736448.000,  3513231605760.000,  3567201026048.000,  3601623416832.000,  3621309382656.000,  3631372304384.000,  3635385466880.000,  3635213238272.000,  3631428927488.000,  3622557188096.000,  3605330395136.000,  3574570680320.000,  3525890015232.000,  3455726649344.000,  3363514351616.000,  3253028782080.000,  3132395880448.000,  3010017361920.000,  2895356100608.000,  2793626140672.000,  2707428737024.000,  2636277874688.000,  2579715588096.000,  2536866840576.000,  2506955423744.000,  2486824599552.000,  2473903783936.000,  2464799260672.000,  2458046955520.000,  2452413480960.000,  2447478620160.000,  2442224730112.000,  2437185273856.000,  1304115544064.000,  1278978162688.000,  1223956234240.000,  1137476239360.000,  1021438263296.000,  881978441728.000,  727646666752.000,  569384763392.000,  417371914240.000,  280089853952.000,  165469995008.000,  78402486272.000,  21079672832.000,  -5374969856.000,   0.000,  38109896704.000,  110506196992.000,  214139207680.000,  344948473856.000,  493315850240.000,  649431089152.000,  799926714368.000,  932097097728.000,  1034315104256.000,  1101707476992.000,  1132611371008.000,  1131934384128.000,  1106090262528.000,  1061497995264.000,  1002818895872.000,  933923258368.000,  857325174784.000,  777769582592.000,  699045249024.000,  623489449984.000,  552139358208.000,  486413041664.000,  427508269056.000,  376669634560.000,  334805434368.000,
    2335552307200.000,  2506655268864.000,  2685209149440.000,  2862869118976.000,  3031426138112.000,  3183954100224.000,  3314476646400.000,  3418775879680.000,  3497017999360.000,  3551826018304.000,  3587597664256.000,  3609138036736.000,  3621521195008.000,  3628324356096.000,  3631428927488.000,  3631416868864.000,  3626783997952.000,  3614229135360.000,  3588429971456.000,  3544767528960.000,  3479402184704.000,  3391485116416.000,  3284527480832.000,  3166519689216.000,  3045879709696.000,  2932219576320.000,  2830975893504.000,  2744979030016.000,  2673894227968.000,  2617392234496.000,  2574675869696.000,  2545041539072.000,  2525336961024.000,  2512941481984.000,  2504398209024.000,  2498179629056.000,  2493029548032.000,  2488496291840.000,  2483549896704.000,  2478725922816.000,  1248290406400.000,  1224309473280.000,  1170846908416.000,  1086300160000.000,  972451217408.000,  835277946880.000,  683167776768.000,  526913437696.000,  376576671744.000,  240576413696.000,  126821113856.000,  40238133248.000,  -16907334656.000,  -43388788736.000,  -38109896704.000,   0.000,  72690966528.000,  177144414208.000,  309510897664.000,  460322635776.000,  619837652992.000,  774621364224.000,  911745024000.000,  1019238744064.000,  1091845685248.000,  1127561428992.000,  1131064983552.000,  1108661239808.000,  1066758963200.000,  1010037358592.000,  942377861120.000,  866317434880.000,  786702008320.000,  707436412928.000,  631048896512.000,  558678016000.000,  491856494592.000,  431875588096.000,  380093431808.000,  337476878336.000,
    2351949938688.000,  2520212045824.000,  2695413891072.000,  2869321531392.000,  3033868795904.000,  3182348730368.000,  3309026148352.000,  3409926684672.000,  3485420486656.000,  3538248794112.000,  3572906328064.000,  3594321657856.000,  3607600037888.000,  3616369803264.000,  3622557188096.000,  3626783997952.000,  3627613683712.000,  3621639421952.000,  3603363528704.000,  3567791898624.000,  3510631137280.000,  3430498172928.000,  3330371223552.000,  3217843552256.000,  3101204152320.000,  2990137409536.000,  2890343645184.000,  2804966752256.000,  2733933068288.000,  2677114404864.000,  2633863004160.000,  2603588255744.000,  2583206035456.000,  2570118234112.000,  2560860618752.000,  2553879724032.000,  2547949502464.000,  2542622736384.000,  2536902754304.000,  2531364438016.000,  1184023052288.000,  1158049038336.000,  1102765621248.000,  1016705712128.000,  901717164032.000,  763787739136.000,  611278389248.000,  454933086208.000,  304697933824.000,  168873115648.000,  55248658432.000,  -31325474816.000,  -88624234496.000,  -115411345408.000,  -110506196992.000,  -72690966528.000,   0.000,  105050578944.000,  238954397696.000,  392516927488.000,  556185485312.000,  716521930752.000,  860338192384.000,  975173189632.000,  1055216893952.000,  1097896755200.000,  1107512655872.000,  1090166784000.000,  1052231008256.000,  998392594432.000,  932552900608.000,  857285132288.000,  777607249920.000,  697617219584.000,  620123979776.000,  546421964800.000,  478206984192.000,  416885604352.000,  363963973632.000,  320459472896.000,
    2383134851072.000,  2548612202496.000,  2719953715200.000,  2888982331392.000,  3047774486528.000,  3189940158464.000,  3310121648128.000,  3404783681536.000,  3474699845632.000,  3522892398592.000,  3554107195392.000,  3573523677184.000,  3586336751616.000,  3596267814912.000,  3605330395136.000,  3614229135360.000,  3621639421952.000,  3624106459136.000,  3615877496832.000,  3591484473344.000,  3546025820160.000,  3477346975744.000,  3387621900288.000,  3283774341120.000,  3173785010176.000,  3067301855232.000,  2970299400192.000,  2886305316864.000,  2815602720768.000,  2758341033984.000,  2714079330304.000,  2682382974976.000,  2660305731584.000,  2645349105664.000,  2634115973120.000,  2625071480832.000,  2617080807424.000,  2609740775424.000,  2602144628736.000,  2594944319488.000,  1111249518592.000,  1080482725888.000,  1020391456768.000,  929789575168.000,  810764206080.000,  669461184512.000,  514322202624.000,  356124000256.000,  204680364032.000,  68121448448.000,  -45980446720.000,  -132969578496.000,  -190776049664.000,  -218238091264.000,  -214139207680.000,  -177144414208.000,  -105050578944.000,   0.000,  134971121664.000,  291092692992.000,  459140759552.000,  625766432768.000,  777525788672.000,  901353701376.000,  990725799936.000,  1042286051328.000,  1059791306752.000,  1049027936256.000,  1016294408192.000,  966248628224.000,  902821249024.000,  828618375168.000,  748901957632.000,  668032499712.000,  589192232960.000,  513886027776.000,  444016263168.000,  381130801152.000,  326913425408.000,  282422444032.000,
    2424678645760.000,  2587092058112.000,  2753767145472.000,  2916552802304.000,  3067682226176.000,  3201187446784.000,  3312215916544.000,  3397854691328.000,  3459461152768.000,  3500478824448.000,  3526033932288.000,  3541650112512.000,  3552666714112.000,  3562928078848.000,  3574570680320.000,  3588429971456.000,  3603363528704.000,  3615877496832.000,  3620032217088.000,  3609754075136.000,  3579438432256.000,  3525953191936.000,  3450406174720.000,  3358760370176.000,  3258480328704.000,  3159022895104.000,  3066601406464.000,  2985167945728.000,  2915439214592.000,  2857903587328.000,  2812384641024.000,  2778637533184.000,  2753935704064.000,  2735970713600.000,  2721502461952.000,  2709074739200.000,  2697711583232.000,  2687109431296.000,  2676514357248.000,  2666689462272.000,  1028947640320.000,  990950260736.000,  923509194752.000,  825857146880.000,  700470657024.000,  553770024960.000,  394358652928.000,  233094856704.000,  79622225920.000,  -58173333504.000,  -173045694464.000,  -260660772864.000,  -319212158976.000,  -347707506688.000,  -344948473856.000,  -309510897664.000,  -238954397696.000,  -134971121664.000,   0.000,  157768581120.000,  329617178624.000,  502420176896.000,  662541172736.000,  796255191040.000,  896204734464.000,  958052630528.000,  984847089664.000,  981935128576.000,  955473526784.000,  910053670912.000,  849614602240.000,  776788443136.000,  697136971776.000,  615343128576.000,  535044751360.000,  458006822912.000,  386372108288.000,  321852407808.000,  266326900736.000,  220882894848.000,
    2469907922944.000,  2628696670208.000,  2789719408640.000,  2944844431360.000,  3086492631040.000,  3209213509632.000,  3308773441536.000,  3383024156672.000,  3434040262656.000,  3465787473920.000,  3483855224832.000,  3494170853376.000,  3502240169984.000,  3512051695616.000,  3525890015232.000,  3544767528960.000,  3567791898624.000,  3591484473344.000,  3609754075136.000,  3615967936512.000,  3603710869504.000,  3568750034944.000,  3510917398528.000,  3434940727296.000,  3347547947008.000,  3257815793664.000,  3172112793600.000,  3094805741568.000,  3027092111360.000,  2969835143168.000,  2923160666112.000,  2887044038656.000,  2859053350912.000,  2837158821888.000,  2818382233600.000,  2801412866048.000,  2785507540992.000,  2770514477056.000,  2755904929792.000,  2742589587456.000,  938811719680.000,  891842199552.000,  815312404480.000,  708979326976.000,  575825575936.000,  422618234880.000,  258156560384.000,  93386448896.000,  -62279249920.000,  -201282256896.000,  -316814360576.000,  -404983644160.000,  -464346415104.000,  -494165950464.000,  -493315850240.000,  -460322635776.000,  -392516927488.000,  -291092692992.000,  -157768581120.000,   0.000,  174177386496.000,  352046252032.000,  519892762624.000,  663358078976.000,  774196887552.000,  846948007936.000,  883805257728.000,  889540706304.000,  870090801152.000,  829916184576.000,  772938399744.000,  701794156544.000,  622374551552.000,  539727265792.000,  458002890752.000,  379271479296.000,  305931517952.000,  239872606208.000,  183181508608.000,  136950104064.000,
    2512470409216.000,  2666762076160.000,  2820953604096.000,  2966958899200.000,  3097429540864.000,  3207517437952.000,  3293698326528.000,  3354694516736.000,  3393372815360.000,  3414273818624.000,  3423486345216.000,  3427351134208.000,  3431538622464.000,  3440181510144.000,  3455726649344.000,  3479402184704.000,  3510631137280.000,  3546025820160.000,  3579438432256.000,  3603710869504.000,  3611696824320.000,  3597943177216.000,  3560877326336.000,  3503762702336.000,  3432365948928.000,  3355164016640.000,  3278551121920.000,  3207249002496.000,  3142938525696.000,  3086871429120.000,  3039487328256.000,  3000994103296.000,  2969331040256.000,  2942836932608.000,  2918903971840.000,  2896439541760.000,  2875016609792.000,  2854688915456.000,  2835219218432.000,  2817699610624.000,  841916481536.000,  785003905024.000,  698527514624.000,  582841466880.000,  441510035456.000,  281669632000.000,  112307535872.000,  -55582089216.000,  -212907524096.000,  -352521486336.000,  -468159692800.000,  -556491997184.000,  -616519761920.000,  -647831945216.000,  -649431089152.000,  -619837652992.000,  -556185485312.000,  -459140759552.000,  -329617178624.000,  -174177386496.000,   0.000,  180803928064.000,  354629615616.000,  506592624640.000,  627578503168.000,  710925680640.000,  757859680256.000,  772450942976.000,  760321933312.000,  725726068736.000,  672524926976.000,  603327954944.000,  524366249984.000,  441067274240.000,  358123143168.000,  277937324032.000,  203160649728.000,  135864115200.000,  78336180224.000,  31650320384.000,
    2545332781056.000,  2694104219648.000,  2840317394944.000,  2975982157824.000,  3094035824640.000,  3190291431424.000,  3261975232512.000,  3308728877056.000,  3334214778880.000,  3343539503104.000,  3343259533312.000,  3340100435968.000,  3339861360640.000,  3346794545152.000,  3363514351616.000,  3391485116416.000,  3430498172928.000,  3477346975744.000,  3525953191936.000,  3568750034944.000,  3597943177216.000,  3606957785088.000,  3592705277952.000,  3556854988800.000,  3504026157056.000,  3441878892544.000,  3376667688960.000,  3313359388672.000,  3254081290240.000,  3200436142080.000,  3153174724608.000,  3112723546112.000,  3077446303744.000,  3046121406464.000,  3016616312832.000,  2988123357184.000,  2960599285760.000,  2934353690624.000,  2909504274432.000,  2887343144960.000,  741780291584.000,  674986786816.000,  578833416192.000,  454302466048.000,  305554161664.000,  140063686656.000,  -33049348096.000,  -202824925184.000,  -360590934016.000,  -499689422848.000,  -614487621632.000,  -702301536256.000,  -762633781248.000,  -795452899328.000,  -799926714368.000,  -774621364224.000,  -716521930752.000,  -625766432768.000,  -502420176896.000,  -352046252032.000,  -180803928064.000,   0.000,  177085267968.000,  335233974272.000,  464559669248.000,  557214007296.000,  613389172736.000,  636352987136.000,  631319101440.000,  602252967936.000,  552904097792.000,  485814108160.000,  407532732416.000,  323857252352.000,  240018063360.000,  158751571968.000,  82952257536.000,  14863137792.000,  -43051450368.000,  -89757122560.000,
